1 10
100 200
201 210
900 1000
113383 113384
1 999999
740530 635855
960894 617760
904874 803329
542545 257343
447258 108185
923987 119807
78757 326896
651342 739918
389671 164238
271198 319215
784613 209809
284411 235104
824090 8326
949460 252223
514361 175270
827203 929208
270427 218418
311819 471072
374066 132889
961955 213085
154836 458025
403680 945242
282739 19431
183972 588778
432394 146136
684626 702956
595015 832525
327624 586390
176392 936078
694827 202729
608975 151633
316401 492504
966540 346022
645189 505054
7781 653603
513517 904920
167881 181468
661135 495661
917520 513994
275780 95960
995904 194383
398727 663946
117506 42193
525871 168995
850812 407301
697214 190634
742004 587838
108621 839868
826655 585000
587883 108281
510178 767481
537617 228604
974545 623832
536096 333974
514452 449447
280460 261312
228267 211542
237723 162073
543692 192467
564615 968448
543400 822893
143000 260784
380281 133199
455167 75771
765090 145826
143198 178214
271873 810197
595026 749305
975972 111761
618429 215074
394094 557959
601606 824781
720299 991032
764700 708382
81523 821402
541230 409305
276967 72565
162548 962309
993593 454342
312613 354348
157641 72478
440455 331231
766789 642231
885117 771742
808189 4079
328868 779955
777968 146276
729849 350517
903651 779537
773504 863243
509522 309998
228263 782429
830943 860886
56691 814773
170062 539388
678165 365068
477383 746600
886367 47080
771572 451141
589596 605052
499167 334506
490116 281066
401999 297438
707264 468460
281598 127717
453201 769585
36909 781423
643951 565353
425016 927731
802974 584939
448063 748421
374629 563914
748956 780712
808297 133694
813421 491680
704891 887139
924369 610080
402462 140973
328848 886186
510735 582920
505194 611140
842248 450012
449786 551110
188989 433933
111880 9156
92712 241729
684947 615640
406128 558754
317470 744749
339740 813564
922272 725084
589857 425514
965515 601463
480568 124581
607066 127380
540855 702987
245612 381104
576320 454951
529306 905163
802984 148874
305759 448088
842601 611199
587325 530004
626119 81364
312838 116943
776113 809287
437238 183473
355594 510439
635871 222874
380821 380536
6576 934679
109796 622903
938232 967876
484185 503782
119074 66761
443499 935306
959474 72847
506853 641852
144539 108841
423106 94977
726900 719755
873620 198548
223353 156529
357035 440135
657890 797365
631080 844349
985706 209853
829633 644777
152019 208479
872426 862767
749764 672867
820024 907083
59091 469900
990613 665780
952262 635242
715603 465020
547232 852550
392539 355398
234828 849971
105325 510746
753402 496940
566104 654007
989165 492374
72572 264552
573101 29280
38292 762187
102646 789161
455028 256752
108044 606368
978377 943331
36433 793351
62010 468752
477252 860603
602988 133332
144628 771484
252710 713605
716587 509651
994520 830288
14552 970349
355199 65294
917723 269257
956101 272558
511287 945765
628858 104733
862012 319339
694851 87296
501983 99234
275947 343955
669702 216966
401865 861271
543321 563450
791041 210782
401364 280236
919208 756049
168850 673503
71453 994660
834606 191249
165201 230850
435590 540015
841767 54332
938321 39789
624245 135688
873075 620963
820260 145113
950648 191289
226380 897415
746156 336671
775036 350720
421038 331153
478778 793629
739820 593845
646196 6600
680115 71254
729308 459331
236741 579936
958452 373413
824609 819645
106866 265709
492226 921396
759195 148752
981700 781921
691201 83620
40484 63335
553138 449588
855798 544297
449026 126838
642153 831315
318831 657605
799670 959823
477707 775565
933219 669024
152576 575724
409658 8778
775072 729330
196242 413528
431670 928565
45929 572318
981154 14033
715450 626460
439099 394232
172555 22985
183778 704125
158029 83136
82253 551942
231305 254811
795531 970948
783665 548958
369686 790494
161788 470184
115433 980732
804997 743923
296396 945319
302749 585619
852627 283432
822574 868907
212393 507097
451997 840152
448832 134300
918764 317728
601054 777131
429489 927658
590409 739185
9127 196545
654712 260326
73018 936773
641438 950507
167360 561472
557350 657523
169402 716343
295910 551649
438545 142671
175504 262927
780679 760631
674099 168206
264629 909689
567713 967840
464848 579626
232264 716794
510442 805013
4090 128298
482155 740788
183654 430788
49268 14642
711857 400656
680366 671212
904430 721611
475263 117743
749321 750959
404467 423673
441233 173912
497049 748440
31696 491461
699701 584836
61170 595045
820120 670106
62210 722180
823649 890665
130657 728522
885333 162861
810720 150620
274432 283194
807228 840008
819488 561083
489641 844109
115041 675332
817545 613300
311284 528521
652317 62684
227688 701093
610464 523071
247037 738703
322490 920802
293974 904341
274554 14
474679 455486
923536 485993
698048 669850
167131 62753
776630 303671
203959 463505
468162 791780
801221 845570
422077 98217
454931 89279
704273 48348
521090 86292
34945 188202
265700 382329
94171 330668
441510 56492
445052 136487
70383 581870
779126 321400
801117 251541
47439 889309
768822 201347
796992 58014
729926 653535
335516 59906
514940 303440
147935 634599
155143 961267
296858 864033
792401 530011
143657 988901
558581 786412
284449 543717
484988 57990
199035 996887
578301 320003
383323 27417
153842 896826
148251 69370
162906 20184
229224 378030
455268 660182
17799 9069
681852 281872
60884 932696
793282 229150
178037 584201
78697 669571
778395 45315
204680 58010
876363 760826
852697 342951
577444 5822
156413 955271
833999 672611
393881 188622
444506 875689
671086 461158
401278 625924
895464 365424
934723 756493
748729 595338
580053 831757
320512 43740
731375 584115
61096 925858
493588 419709
266046 288707
940258 880721
646272 666008
669590 61027
966357 812296
625353 957523
167603 121678
659577 218701
746065 184232
513718 58147
534588 6697
405305 843991
418721 370390
949714 341882
104027 683388
54375 702793
312979 169265
578834 64170
228245 851596
81047 771441
141437 812276
684718 344604
912508 46294
274179 725504
392520 392385
682396 17328
710126 106841
543281 320867
920061 791525
438622 164296
291447 986210
978720 732819
290359 778565
808390 754127
809738 255770
802840 833150
980311 204881
706939 242537
949634 153710
985907 780638
539343 149987
109320 117103
518497 665552
393981 325618
71395 496205
561895 889466
374500 146509
793245 470894
305382 368907
356479 13310
539379 243115
744251 213673
46642 536259
61678 396028
882395 883744
190046 313031
687357 726583
755082 964724
278114 132798
865076 967773
983178 37836
824125 240170
186466 251483
137129 121477
836165 197266
638560 439004
142011 540420
635840 210043
407687 249870
210443 635470
723851 431197
518149 196916
615417 357446
399251 152644
843996 960073
834828 118782
630982 122410
808618 726799
372541 429028
607499 880610
652294 787341
122889 646003
391441 343482
911173 662154
413986 196880
195011 461376
405517 109428
611855 785751
977275 532738
137145 707882
465606 267025
399764 507573
20818 192334
488657 112198
167782 274235
301923 108372
457172 447457
901460 705037
16270 325226
240319 279306
99823 138143
500656 45317
456560 563932
645788 560939
452217 863375
662530 907029
756518 241212
393087 223642
755029 438923
697932 339233
229928 290127
511185 460818
373958 943787
520025 28849
776827 355095
662746 116217
902910 256848
461634 185969
870694 254444
384792 418774
789060 95838
283279 455501
639446 972642
453463 851189
541054 641932
301359 422523
517695 572845
841507 90503
797216 813440
124506 739300
293833 427853
80919 728259
384909 689816
446500 257952
397867 312852
509140 228692
324609 971778
896022 469188
787005 888525
951213 640805
807956 889910
314425 654187
376990 194774
398330 384953
681596 919322
27135 9450
597390 630789
903870 38482
471781 315721
199130 514403
710386 146799
865280 378114
309436 180281
560495 798990
549937 231373
480713 984498
487227 55255
975764 797148
940453 973419
996519 191468
434139 655781
975530 136859
582629 343385
312448 144488
149775 513590
528389 489828
105258 169893
630687 690671
622806 189954
59484 138572
511826 361136
35430 352604
49767 575444
770913 131311
805945 157958
918147 430616
479838 744587
203691 816196
545706 538338
776696 692847
967560 755660
662425 807437
974661 947998
130493 352843
868817 694712
956155 527259
994923 732617
879396 335073
15382 987675
114726 335512
47373 807941
360962 957613
137473 79556
240494 222665
404829 941689
584803 701491
847825 901594
348232 240795
816520 254108
736955 324973
216861 677954
432026 272550
124380 900144
982441 919469
668714 390453
578634 352350
683677 621161
715957 795848
108275 218191
291665 681764
448640 553988
854985 483762
691216 149602
348170 731391
355916 464934
183686 204043
959436 997525
706766 414386
776169 455522
582183 824141
743956 737715
336579 197609
967646 438559
76271 183777
56966 160257
806525 528808
584932 204262
672110 254171
124880 58840
397798 538083
886049 395949
718267 591995
529672 468420
34616 954045
70133 488194
869735 637407
748146 532139
838726 659532
884284 543342
384861 32321
800960 754551
717216 240350
304778 127358
933692 195297
672833 801075
935762 481901
994972 279154
23175 991697
806796 283346
397644 499069
217568 920294
994403 184212
173148 432202
79708 608213
243721 400362
736767 371279
205943 870548
844905 448774
20488 701546
292974 48877
535994 216364
692785 438850
845131 284343
318066 722611
816369 151233
425884 442711
394406 77556
307995 249766
528682 473257
313875 380080
324826 709578
473699 362983
845800 420865
429086 339174
395091 456049
850188 277524
217620 214702
95559 61982
117164 770593
912246 738613
890008 845334
454961 982147
313718 101272
433342 462382
722268 968882
805521 40881
561148 504763
169128 698966
166424 105871
856069 754647
449871 223144
551454 124425
168747 947369
277010 977848
659694 61218
804292 363832
65231 151137
424220 745305
575510 692147
746369 314835
343962 980810
888466 438743
640904 883933
356075 715668
523438 122164
85485 936310
245062 400689
292214 382236
391805 102336
123483 588060
881440 652102
440093 366025
245196 777317
584197 305826
311997 221936
893800 427785
969985 192365
533287 604403
269110 35126
7282 336038
240640 892112
10912 188438
997181 432091
461430 21799
910094 944971
64221 483872
697767 643501
12430 485388
876473 501334
946423 641814
165435 13353
580182 419852
608411 933812
941787 276067
10612 787246
130500 784967
800738 626549
10443 695925
234273 685102
493311 159067
988689 824416
525902 620798
261965 431023
307900 343082
249072 5019
162540 153401
35037 413644
656934 77528
178125 844986
936859 875011
22984 346199
236514 805829
721210 945052
166956 737921
693743 832391
753447 842526
668090 41428
340928 613552
701144 384711
282032 218895
323126 133872
175671 181367
667483 352609
424923 574626
88471 196679
656030 188711
331020 556008
499755 586065
951327 198534
436919 228693
510065 892833
214213 830167
925334 98267
453605 525375
886963 540799
19699 509877
728832 797513
901804 624711
609042 711494
591100 778020
983941 436113
98862 338986
804694 832869
232137 514367
348602 844150
693609 390976
350658 668635
214762 345151
268320 319824
722142 405597
655075 115452
837210 795235
442112 658379
287434 864376
862841 693565
401666 60335
981489 698541
271579 216640
767363 449630
615835 620742
587854 817805
333068 543334
660747 446835
816004 434019
433730 476141
923015 738772
270612 392296
451783 554182
96584 546952
778601 302893
920042 711601
672763 293848
935789 967750
527767 922538
768461 267419
29612 222751
365044 819161
598458 124473
398826 550573
772310 270993
729605 778110
382270 641940
293139 850880
43580 976762
679407 236436
359374 242648
109114 123696
190849 356046
358881 768103
206238 334053
40013 177557
717080 952842
653978 321025
413072 942355
950914 248238
9284 270483
729152 632760
510544 500677
505883 520156
751702 388078
371047 988901
768119 359176
502178 177262
13424 307799
895432 350247
516203 836962
97923 830069
392219 233519
148023 512450
812443 491332
434957 451584
769716 70953
241580 414900
527766 260498
827097 606008
852642 375638
357159 982128
665046 944149
876988 613260
734827 880775
744698 762997
292244 501545
989006 705652
490232 909426
608067 232952
864099 279218
815778 884195
614889 629321
191873 692923
901464 218427
793975 728760
629336 288294
917712 413795
607122 718873
169445 797482
483095 101554
54322 542342
370679 998988
430873 643840
930485 972237
883141 587064
403825 718076
367662 452220
50007 808204
760325 988633
259318 332726
118531 551121
200948 875614
852652 48076
323104 773274
54448 449025
845088 115807
317166 306176
368918 176904
292370 908191
926630 814113
970702 605942
22989 612562
532933 631554
62635 275421
472572 625789
647498 940340
281021 248380
631491 103049
329279 389056
501070 28447
471101 370342
894693 122568
668862 22914
836461 849584
220301 411498
474295 959333
258753 969333
568386 735103
246741 959679
861938 681855
131587 554604
777238 281054
649211 125032
460746 361229
249649 108707
108360 212680
377039 79698
650321 191247
386130 176455
822290 50076
437882 719583
444486 288077
679784 921212
29411 270466
76318 65324
222895 824475
603393 679185
324814 750346
443978 510550
452977 803892
771227 752396
75523 117369
282840 773847
207909 681507
425949 842863
866253 472515
656627 814261
193430 187453
413409 247649
737276 925174
51390 76919
747279 634865
358443 929084
687557 466192
630012 596491
236765 416308
450295 686537
493142 72987
514977 195829
559904 597404
388193 332325
491208 182149
663414 777096
126774 301855
914103 837285
388607 603641
543004 164906
759723 394840
202745 693301
461564 43196
218008 662173
712642 807556
373395 361286
222186 796389
231805 578196
647700 204921
283342 593439
25220 997388
399389 511195
473645 739562
956149 448953
472120 294613
935872 615032
74561 427759
962891 884664
289811 292936
748723 868936
240553 644676
961177 913885
415322 415684
554642 575574
36455 946584
524107 23441
938291 830914
926186 269659
373738 888236
73875 6257
557088 992072
745097 177808
843826 199493
401132 807322